0.000000000000000000e+00 6.000000000000000000e+00 9.050000000000000711e+00 1.000000000000000000e+01 1.325000000000000000e+01 1.700000000000000000e+01 2.015000000000000213e+01 7.000000000000000000e+00 1.105000000000000071e+01 7.000000000000000000e+00 1.100000000000000000e+01 2.200000000000000000e+01 2.580000000000000071e+01 1.500000000000000000e+01 1.880000000000000071e+01 2.900000000000000000e+01 3.280000000000000426e+01 3.300000000000000000e+01 3.580000000000000426e+01 4.380000000000000426e+01 6.800000000000000711e+00 2.270000000000000284e+01
6.000000000000000000e+00 0.000000000000000000e+00 1.400000000000000000e+01 1.600000000000000000e+01 1.880000000000000071e+01 2.300000000000000000e+01 2.580000000000000071e+01 2.000000000000000000e+00 1.600000000000000000e+01 7.000000000000000000e+00 1.600000000000000000e+01 2.800000000000000000e+01 3.080000000000000071e+01 2.100000000000000000e+01 2.380000000000000071e+01 3.500000000000000000e+01 3.780000000000000426e+01 3.900000000000000000e+01 4.080000000000000426e+01 4.880000000000000426e+01 1.280000000000000071e+01 2.870000000000000284e+01
9.000000000000000000e+00 1.400000000000000000e+01 0.000000000000000000e+00 1.915000000000000213e+01 1.600000000000000000e+01 2.605000000000000071e+01 2.300000000000000000e+01 1.600000000000000000e+01 2.000000000000000000e+00 1.600000000000000000e+01 7.000000000000000000e+00 3.100000000000000000e+01 2.800000000000000000e+01 2.400000000000000000e+01 2.100000000000000000e+01 3.800000000000000000e+01 3.500000000000000000e+01 4.200000000000000000e+01 3.800000000000000000e+01 4.600000000000000000e+01 1.260000000000000142e+01 2.860000000000000142e+01
1.000000000000000000e+01 1.600000000000000000e+01 1.915000000000000213e+01 0.000000000000000000e+00 1.300000000000000000e+01 1.560000000000000142e+01 1.875000000000000000e+01 1.530000000000000071e+01 1.860000000000000142e+01 1.060000000000000142e+01 1.555000000000000071e+01 2.060000000000000142e+01 2.430000000000000071e+01 1.360000000000000142e+01 1.920000000000000284e+01 2.760000000000000142e+01 3.195000000000000284e+01 3.160000000000000142e+01 3.495000000000000284e+01 4.295000000000000284e+01 6.550000000000000711e+00 2.130000000000000071e+01
1.325000000000000000e+01 1.925000000000000000e+01 1.600000000000000000e+01 1.300000000000000000e+01 0.000000000000000000e+00 1.869999999999999929e+01 1.565000000000000036e+01 1.885000000000000142e+01 1.515000000000000036e+01 1.545000000000000107e+01 1.085000000000000142e+01 2.425000000000000000e+01 2.065000000000000213e+01 1.925000000000000000e+01 1.365000000000000036e+01 3.190000000000000213e+01 2.765000000000000213e+01 3.589999999999999858e+01 3.065000000000000213e+01 3.865000000000000568e+01 6.450000000000000178e+00 2.125000000000000000e+01
1.700000000000000000e+01 2.300000000000000000e+01 2.605000000000000071e+01 1.560000000000000142e+01 1.869999999999999929e+01 0.000000000000000000e+00 6.950000000000000178e+00 2.230000000000000071e+01 2.520000000000000284e+01 1.760000000000000142e+01 2.090000000000000213e+01 7.700000000000000178e+00 1.140000000000000036e+01 5.000000000000000000e+00 1.050000000000000000e+01 1.470000000000000107e+01 1.910000000000000142e+01 1.869999999999999929e+01 2.210000000000000142e+01 3.010000000000000142e+01 1.480000000000000071e+01 8.400000000000000355e+00
2.015000000000000213e+01 2.615000000000000213e+01 2.300000000000000000e+01 1.875000000000000000e+01 1.565000000000000036e+01 6.950000000000000178e+00 0.000000000000000000e+00 2.545000000000000284e+01 2.215000000000000213e+01 2.075000000000000000e+01 1.785000000000000142e+01 1.125000000000000000e+01 7.650000000000000355e+00 1.045000000000000107e+01 5.000000000000000000e+00 1.900000000000000000e+01 1.465000000000000036e+01 2.300000000000000000e+01 1.765000000000000213e+01 2.565000000000000213e+01 1.465000000000000036e+01 8.250000000000000000e+00
7.000000000000000000e+00 2.000000000000000000e+00 1.600000000000000000e+01 1.550000000000000000e+01 1.875000000000000000e+01 2.200000000000000000e+01 2.515000000000000213e+01 0.000000000000000000e+00 1.800000000000000000e+01 6.000000000000000000e+00 1.800000000000000000e+01 2.700000000000000000e+01 3.070000000000000284e+01 2.000000000000000000e+01 2.495000000000000284e+01 3.400000000000000000e+01 3.835000000000000142e+01 3.800000000000000000e+01 4.135000000000000142e+01 4.935000000000000142e+01 1.230000000000000071e+01 2.770000000000000284e+01
1.100000000000000000e+01 1.600000000000000000e+01 2.000000000000000000e+00 1.915000000000000213e+01 1.520000000000000107e+01 2.525000000000000000e+01 2.220000000000000284e+01 1.800000000000000000e+01 0.000000000000000000e+00 1.800000000000000000e+01 6.050000000000000711e+00 3.080000000000000071e+01 2.720000000000000284e+01 2.540000000000000213e+01 2.015000000000000213e+01 3.845000000000000284e+01 3.414999999999999858e+01 4.245000000000000284e+01 3.714999999999999858e+01 4.515000000000000568e+01 1.260000000000000142e+01 2.780000000000000071e+01
7.000000000000000000e+00 7.200000000000000178e+00 1.600000000000000000e+01 1.060000000000000142e+01 1.545000000000000107e+01 1.760000000000000142e+01 2.075000000000000000e+01 6.000000000000000000e+00 1.800000000000000000e+01 0.000000000000000000e+00 1.800000000000000000e+01 2.260000000000000142e+01 2.630000000000000071e+01 1.560000000000000142e+01 2.165000000000000213e+01 2.960000000000000142e+01 3.395000000000000284e+01 3.360000000000000142e+01 3.695000000000000284e+01 4.495000000000000284e+01 9.000000000000000000e+00 2.330000000000000071e+01
1.100000000000000000e+01 1.600000000000000000e+01 7.000000000000000000e+00 1.555000000000000071e+01 1.085000000000000142e+01 2.090000000000000213e+01 1.785000000000000142e+01 1.800000000000000000e+01 6.050000000000000711e+00 1.800000000000000000e+01 0.000000000000000000e+00 2.645000000000000284e+01 2.285000000000000142e+01 2.180000000000000071e+01 1.585000000000000142e+01 3.410000000000000142e+01 2.985000000000000142e+01 3.810000000000000142e+01 3.285000000000000142e+01 4.085000000000000142e+01 9.000000000000000000e+00 2.345000000000000284e+01
2.200000000000000000e+01 2.800000000000000000e+01 3.160000000000000142e+01 2.060000000000000142e+01 2.425000000000000000e+01 7.700000000000000178e+00 1.125000000000000000e+01 2.730000000000000071e+01 3.075000000000000000e+01 2.260000000000000142e+01 2.645000000000000284e+01 0.000000000000000000e+00 6.000000000000000000e+00 7.000000000000000000e+00 1.060000000000000142e+01 7.750000000000000000e+00 1.370000000000000107e+01 1.175000000000000000e+01 1.669999999999999929e+01 2.315000000000000213e+01 1.980000000000000071e+01 3.000000000000000000e+00
2.580000000000000071e+01 3.170000000000000284e+01 2.800000000000000000e+01 2.430000000000000071e+01 2.065000000000000213e+01 1.140000000000000036e+01 7.650000000000000355e+00 3.100000000000000000e+01 2.715000000000000213e+01 2.630000000000000071e+01 2.285000000000000142e+01 6.000000000000000000e+00 0.000000000000000000e+00 1.070000000000000107e+01 7.000000000000000000e+00 1.375000000000000000e+01 7.700000000000000178e+00 1.715000000000000213e+01 1.070000000000000107e+01 1.869999999999999929e+01 1.965000000000000213e+01 3.000000000000000000e+00
1.500000000000000000e+01 2.100000000000000000e+01 2.540000000000000213e+01 1.360000000000000142e+01 1.925000000000000000e+01 5.000000000000000000e+00 1.045000000000000107e+01 2.030000000000000071e+01 2.485000000000000142e+01 1.560000000000000142e+01 2.180000000000000071e+01 7.000000000000000000e+00 1.070000000000000107e+01 0.000000000000000000e+00 1.400000000000000000e+01 1.400000000000000000e+01 1.840000000000000213e+01 1.800000000000000000e+01 2.140000000000000213e+01 2.940000000000000213e+01 1.280000000000000071e+01 7.700000000000000178e+00
1.880000000000000071e+01 2.380000000000000071e+01 2.100000000000000000e+01 1.920000000000000284e+01 1.365000000000000036e+01 1.050000000000000000e+01 5.000000000000000000e+00 2.505000000000000071e+01 2.015000000000000213e+01 2.165000000000000213e+01 1.585000000000000142e+01 1.060000000000000142e+01 7.000000000000000000e+00 1.400000000000000000e+01 0.000000000000000000e+00 1.835000000000000142e+01 1.400000000000000000e+01 2.235000000000000142e+01 1.700000000000000000e+01 2.500000000000000000e+01 1.265000000000000036e+01 7.600000000000000533e+00
2.900000000000000000e+01 3.500000000000000000e+01 3.925000000000000000e+01 2.760000000000000142e+01 3.190000000000000213e+01 1.470000000000000107e+01 1.900000000000000000e+01 3.430000000000000426e+01 3.850000000000000000e+01 2.960000000000000142e+01 3.420000000000000284e+01 7.750000000000000000e+00 1.375000000000000000e+01 1.400000000000000000e+01 1.835000000000000142e+01 0.000000000000000000e+00 1.400000000000000000e+01 4.000000000000000000e+00 1.500000000000000000e+01 1.280000000000000071e+01 2.680000000000000071e+01 1.075000000000000000e+01
3.280000000000000426e+01 3.940000000000000568e+01 3.500000000000000000e+01 3.195000000000000284e+01 2.765000000000000213e+01 1.910000000000000142e+01 1.465000000000000036e+01 3.870000000000000284e+01 3.414999999999999858e+01 3.400000000000000000e+01 2.985000000000000142e+01 1.370000000000000107e+01 7.700000000000000178e+00 1.840000000000000213e+01 1.400000000000000000e+01 1.400000000000000000e+01 0.000000000000000000e+00 1.285000000000000142e+01 3.000000000000000000e+00 1.100000000000000000e+01 2.665000000000000213e+01 1.070000000000000107e+01
3.300000000000000000e+01 3.900000000000000000e+01 4.325000000000000000e+01 3.160000000000000142e+01 3.589999999999999858e+01 1.869999999999999929e+01 2.300000000000000000e+01 3.830000000000000426e+01 4.250000000000000000e+01 3.360000000000000142e+01 3.820000000000000284e+01 1.175000000000000000e+01 1.715000000000000213e+01 1.800000000000000000e+01 2.235000000000000142e+01 4.000000000000000000e+00 1.285000000000000142e+01 0.000000000000000000e+00 1.385000000000000142e+01 1.000000000000000000e+01 3.080000000000000071e+01 1.475000000000000000e+01
3.580000000000000426e+01 4.240000000000000568e+01 3.800000000000000000e+01 3.495000000000000284e+01 3.065000000000000213e+01 2.210000000000000142e+01 1.765000000000000213e+01 4.170000000000000284e+01 3.714999999999999858e+01 3.700000000000000000e+01 3.285000000000000142e+01 1.669999999999999929e+01 1.070000000000000107e+01 2.140000000000000213e+01 1.700000000000000000e+01 1.500000000000000000e+01 3.000000000000000000e+00 1.385000000000000142e+01 0.000000000000000000e+00 8.000000000000000000e+00 2.965000000000000213e+01 1.370000000000000107e+01
4.180000000000000426e+01 4.780000000000000426e+01 4.600000000000000000e+01 4.040000000000000568e+01 3.865000000000000568e+01 2.750000000000000000e+01 2.565000000000000213e+01 4.710000000000000142e+01 4.515000000000000568e+01 4.240000000000000568e+01 4.085000000000000142e+01 2.055000000000000071e+01 1.869999999999999929e+01 2.680000000000000071e+01 2.500000000000000000e+01 1.280000000000000071e+01 1.100000000000000000e+01 1.000000000000000000e+01 8.000000000000000000e+00 0.000000000000000000e+00 3.764999999999999858e+01 2.170000000000000284e+01
6.800000000000000711e+00 1.280000000000000071e+01 1.260000000000000142e+01 6.550000000000000711e+00 6.450000000000000178e+00 1.480000000000000071e+01 1.465000000000000036e+01 1.240000000000000036e+01 1.205000000000000071e+01 9.000000000000000000e+00 9.000000000000000000e+00 1.980000000000000071e+01 1.965000000000000213e+01 1.280000000000000071e+01 1.265000000000000036e+01 2.680000000000000071e+01 2.665000000000000213e+01 3.080000000000000071e+01 2.965000000000000213e+01 3.764999999999999858e+01 0.000000000000000000e+00 2.025000000000000000e+01
2.270000000000000284e+01 2.870000000000000284e+01 2.860000000000000142e+01 2.130000000000000071e+01 2.125000000000000000e+01 8.400000000000000355e+00 8.250000000000000000e+00 2.800000000000000000e+01 2.775000000000000000e+01 2.330000000000000071e+01 2.345000000000000284e+01 3.000000000000000000e+00 3.000000000000000000e+00 7.700000000000000178e+00 7.600000000000000533e+00 1.075000000000000000e+01 1.070000000000000107e+01 1.475000000000000000e+01 1.370000000000000107e+01 2.170000000000000284e+01 2.025000000000000000e+01 0.000000000000000000e+00
